กล้อง
Latitude : 14.305029
Longitude : 101.173010
Altitude : 37.2 (จากระดับน้ำทะเล)
ภาพอยู่
lat: 14.292512
lng: 101.157602 